[
39.709224700927734,
-4.018213182708706
],
[
39.70888137817383,
-4.0235215869310705
],
[
39.717206954956055,
-4.022322918032097
],
[
39.72081184387207,
-4.018812520400272
],
[
39.72355842590332,
-4.0075106498441455
],
[
39.73832130432129,
-3.9825946114054402
],
[
39.73960876464843,
-3.978484676789714
],
[
39.736003875732415,
-3.9710353680514756
],
[
39.731454849243164,
-3.969836622430857
],
[
39.724416732788086,
-3.98679014848773
],
[
39.714288711547844,
-3.9856770488986992
],
[
39.70870971679687,
-3.9917562667479847
],
[
39.699010848999016,
-4.001945277378959
],
[
39.69231605529785,
-4.0167576464815475
],
[
39.709224700927734,
-4.018213182708706
]
