[
33.99375915527344,
0.1647946946615406
],
[
33.98414611816406,
0.16033151682635874
],
[
33.98414611816406,
0.1548383735426477
],
[
33.991355895996094,
0.15518169504010706
],
[
33.997535705566406,
0.15312176597226204
],
[
33.997535705566406,
0.14282211771738432
],
[
33.98414611816406,
0.13423907396531085
],
[
33.981056213378906,
0.12290945163140517
],
[
33.98998260498046,
0.11741629965158693
],
[
33.97796630859375,
0.09990687075881707
],
[
33.950157165527344,
0.09922022628772657
],
[
33.954963684082024,
0.09304042541842944
],
[
33.94603729248047,
0.08583065637465148
],
[
33.9532470703125,
0.07038114685080327
],
[
33.94775390625,
0.05424498701350365
],
[
33.963890075683594,
0.05699156775044153
],
[
33.999595642089844,
0.0037765502902400326
],
[
34.017791748046875,
-0.02780914197454006
],
[
34.04182434082031,
-0.002746582030202296
],
[
34.067230224609375,
0.09269710311551368
],
[
34.072723388671875,
0.10196680408562837
],
[
34.07306671142578,
0.1187895877496996
],
[
34.094696044921875,
0.12840260248147767
],
[
34.06654357910156,
0.1644513733247501
],
[
33.99375915527344,
0.1647946946615406
]
