[
36.876468658447266,
-1.297048398029551
],
[
36.88307762145996,
-1.2959757890940733
],
[
36.88462257385254,
-1.2964906414398125
],
[
36.88608169555664,
-1.295289319136952
],
[
36.879215240478516,
-1.264869933885637
],
[
36.87736988067627,
-1.267830369407869
],
[
36.874237060546875,
-1.2698039912091106
],
[
36.869773864746094,
-1.2769690837607945
],
[
36.871018409729004,
-1.281946022527227
],
[
36.873722076416016,
-1.2850351520704308
],
[
36.87419414520264,
-1.2880384688779172
],
[
36.87586784362793,
-1.291170495492295
],
[
36.876468658447266,
-1.297048398029551
]
