[
36.90153121948242,
-1.2437177388006422
],
[
36.89689636230469,
-1.2479224483734936
],
[
36.89342021942139,
-1.2501535160309447
],
[
36.89384937286377,
-1.2519126257319992
],
[
36.8935489654541,
-1.2530710631833641
],
[
36.89166069030762,
-1.253414303811328
],
[
36.89041614532471,
-1.2555166516754543
],
[
36.8895149230957,
-1.2545727405984786
],
[
36.88629627227783,
-1.258305477865441
],
[
36.88629627227783,
-1.2597642473006132
],
[
36.88445091247558,
-1.2602791069063122
],
[
36.88282012939453,
-1.2619094949860121
],
[
36.89183235168457,
-1.2595497224348884
],
[
36.901702880859375,
-1.256031512119255
],
[
36.903676986694336,
-1.253414303811328
],
[
36.90153121948242,
-1.2437177388006422
]
