[
36.883206367492676,
-1.26165206535712
],
[
36.8883991241455,
-1.261008491173481
],
[
36.89397811889648,
-1.258005142880437
],
[
36.900973320007324,
-1.2556882718346511
],
[
36.901702880859375,
-1.2555595567163096
],
[
36.903076171875,
-1.2540149748020013
],
[
36.9028615951538,
-1.2527707275970064
],
[
36.90629482269287,
-1.251097428700106
],
[
36.907925605773926,
-1.2494670338765743
],
[
36.91054344177246,
-1.247321775988376
],
[
36.91303253173828,
-1.2461204308068823
],
[
36.914920806884766,
-1.245905904823943
],
[
36.917710304260254,
-1.2429025392299031
],
[
36.920199394226074,
-1.2417011920354364
],
[
36.91376209259033,
-1.2383974844370103
],
[
36.90676689147949,
-1.239341401314389
],
[
36.90406322479248,
-1.2397704543292654
],
[
36.90234661102295,
-1.2429883497228846
],
[
36.89316272735595,
-1.2533284936585511
],
[
36.89140319824219,
-1.2527707275970064
],
[
36.883206367492676,
-1.26165206535712
]
