[
36.846256256103516,
-1.279886600760589
],
[
36.85024738311767,
-1.2791786741462134
],
[
36.85112714767456,
-1.2828041144412454
],
[
36.85241460800171,
-1.282310711625837
],
[
36.85222148895263,
-1.2806159794922185
],
[
36.85271501541137,
-1.2804014563573896
],
[
36.853187084198,
-1.2784278426751117
],
[
36.85292959213257,
-1.2725498972948555
],
[
36.85383081436157,
-1.2680663460068151
],
[
36.85546159744263,
-1.266543223944132
],
[
36.85541868209839,
-1.2657065790498419
],
[
36.85142755508423,
-1.2657065790498419
],
[
36.8436598777771,
-1.26731551129913
],
[
36.846256256103516,
-1.279886600760589
]
