[
36.91303253173828,
-1.2073982107879078
],
[
36.91824674606323,
-1.201584466542188
],
[
36.91717386245727,
-1.1992246406207587
],
[
36.91457748413086,
-1.1996966059679373
],
[
36.90959930419921,
-1.1978945560227705
],
[
36.90474987030029,
-1.1946766067455297
],
[
36.90241098403931,
-1.1957707099231816
],
[
36.90110206604004,
-1.1992246406207587
],
[
36.89887046813965,
-1.201455748817178
],
[
36.90058708190918,
-1.2020993373815425
],
[
36.90382719039917,
-1.2055532600833323
],
[
36.90657377243042,
-1.2064113768457396
],
[
36.90932035446167,
-1.2060895830915421
],
[
36.91303253173828,
-1.2073982107879078
]
