[
36.86413049697876,
-1.2581982153747688
],
[
36.86546087265015,
-1.2607296089778077
],
[
36.8716835975647,
-1.2592922925726833
],
[
36.878507137298584,
-1.256052964635554
],
[
36.87859296798706,
-1.2538862596013214
],
[
36.87842130661011,
-1.2514621221404403
],
[
36.87468767166138,
-1.2525776547018739
],
[
36.87256336212158,
-1.253800449464015
],
[
36.86979532241821,
-1.254680003238026
],
[
36.86889410018921,
-1.256224584759536
],
[
36.864967346191406,
-1.2569539701606995
],
[
36.86413049697876,
-1.2581982153747688
]
