[
36.88408613204956,
-1.3236704051736237
],
[
36.8825626373291,
-1.3210747183297675
],
[
36.88140392303467,
-1.3221044126091663
],
[
36.87936544418335,
-1.320238091413512
],
[
36.87732696533203,
-1.3223618361122849
],
[
36.876490116119385,
-1.3233700779090982
],
[
36.874966621398926,
-1.3219113449643027
],
[
36.8740439414978,
-1.3228552310853232
],
[
36.87410831451416,
-1.3261159258299275
],
[
36.8756103515625,
-1.3257297911499888
],
[
36.87885046005249,
-1.32620173352841
],
[
36.88408613204956,
-1.3236704051736237
]
