[
36.93320274353027,
-1.1872538560556998
],
[
36.929941177368164,
-1.190514720092235
],
[
36.93380355834961,
-1.1990530168379685
],
[
36.9374942779541,
-1.1972080604937225
],
[
36.94002628326415,
-1.2000398534420322
],
[
36.94350242614746,
-1.2005547245723946
],
[
36.953887939453125,
-1.2023567727648086
],
[
36.9594669342041,
-1.1993104525081209
],
[
36.95659160614014,
-1.1889701007655582
],
[
36.94633483886719,
-1.1884552274645688
],
[
36.942901611328125,
-1.1890559129730622
],
[
36.94054126739502,
-1.1880261663070781
],
[
36.93650722503662,
-1.1867389824349246
],
[
36.93320274353027,
-1.1872538560556998
]
