[
36.907453536987305,
-1.177342522061667
],
[
36.899685859680176,
-1.1827487086272432
],
[
36.89432144165038,
-1.1817618658321538
],
[
36.89526557922363,
-1.1871251376595038
],
[
36.901230812072754,
-1.1957063509247907
],
[
36.90440654754639,
-1.194719512760703
],
[
36.9146203994751,
-1.1987526751921962
],
[
36.913418769836426,
-1.1947624187752024
],
[
36.914534568786614,
-1.1924883990835138
],
[
36.9146203994751,
-1.191758996142787
],
[
36.91397666931152,
-1.1902143775131224
],
[
36.91135883331299,
-1.1869964192572902
],
[
36.90955638885498,
-1.1853230794836846
],
[
36.90959930419921,
-1.1832206767965154
],
[
36.91058635711669,
-1.1820193031168573
],
[
36.91380500793457,
-1.1811182725160025
],
[
36.907453536987305,
-1.177342522061667
]
