[
36.754631996154785,
-1.2642907178446925
],
[
36.74358129501343,
-1.2647841241099596
],
[
36.73959016799926,
-1.2733865399746145
],
[
36.73581361770629,
-1.2750169198009276
],
[
36.73660755157471,
-1.2764971321700365
],
[
36.741929054260254,
-1.2770334407891755
],
[
36.74731492996215,
-1.2753387051710048
],
[
36.74849510192871,
-1.2723997306313013
],
[
36.75795793533325,
-1.2710482302660078
],
[
36.76370859146118,
-1.269868348416404
],
[
36.76422357559204,
-1.268280870169014
],
[
36.754631996154785,
-1.2649128387724133
],
[
36.754631996154785,
-1.2642907178446925
]
