[
36.75157427787781,
-1.2925863418739603
],
[
36.75227165222168,
-1.2906127376102337
],
[
36.75332307815552,
-1.2893470558088207
],
[
36.754159927368164,
-1.2893256035694716
],
[
36.757614612579346,
-1.2858074338728291
],
[
36.76008224487305,
-1.2846704633603447
],
[
36.76072597503662,
-1.2712413017900923
],
[
36.7542028427124,
-1.273429444720098
],
[
36.74952507019043,
-1.2749525627220906
],
[
36.74031972885132,
-1.2775912016343813
],
[
36.73901081085205,
-1.285442745273032
],
[
36.74345254898071,
-1.288703488549771
],
[
36.747486591339104,
-1.291449374387443
],
[
36.75157427787781,
-1.2925863418739603
]
