[
36.92972660064697,
-1.2553879365486522
],
[
36.91680908203125,
-1.258949052716882
],
[
36.916422843933105,
-1.264869933885637
],
[
36.90723896026611,
-1.2788997939111615
],
[
36.90826892852783,
-1.2798007914843985
],
[
36.9080114364624,
-1.2811308349425226
],
[
36.90886974334717,
-1.2836622060674874
],
[
36.910200119018555,
-1.2834905877652765
],
[
36.90680980682372,
-1.2891539856481764
],
[
36.90874099731445,
-1.2918569665637554
],
[
36.91213130950928,
-1.2925434374497384
],
[
36.915950775146484,
-1.2895401259548092
],
[
36.915178298950195,
-1.287566519328083
],
[
36.91612243652344,
-1.286751333536219
],
[
36.91865444183349,
-1.2820747363326612
],
[
36.91766738891601,
-1.2810021210896345
],
[
36.918439865112305,
-1.2775268446199568
],
[
36.921186447143555,
-1.2775697492964222
],
[
36.92144393920898,
-1.2765829415566177
],
[
36.92054271697998,
-1.272978944856849
],
[
36.92174434661865,
-1.2715201828549383
],
[
36.92461967468262,
-1.270533372797896
],
[
36.92547798156738,
-1.2686884660282052
],
[
36.92509174346924,
-1.2674871306800832
],
[
36.92882537841797,
-1.2658996509725007
],
[
36.93328857421874,
-1.266671938519286
],
[
36.9340181350708,
-1.2652989827215062
],
[
36.92972660064697,
-1.2553879365486522
]
