[
36.77480220794678,
-1.2895830304297036
],
[
36.7747163772583,
-1.2912133999396969
],
[
36.77797794342041,
-1.2909988776954615
],
[
36.781067848205566,
-1.2896259349038857
],
[
36.78493022918701,
-1.286622619966324
],
[
36.788878440856934,
-1.2850351520704308
],
[
36.79694652557373,
-1.2807875979871455
],
[
36.797075271606445,
-1.2777413679950957
],
[
36.79587364196777,
-1.2749096580019625
],
[
36.78720474243164,
-1.271563087631464
],
[
36.780080795288086,
-1.2802298378366108
],
[
36.77510261535644,
-1.2855929111733673
],
[
36.77480220794678,
-1.2895830304297036
]
