[
36.77473783493042,
-1.2911490432683268
],
[
36.774351596832275,
-1.299172162380157
],
[
36.78454399108887,
-1.2986573105802008
],
[
36.793577671051025,
-1.297670511003837
],
[
36.79454326629639,
-1.2948817275119062
],
[
36.79533720016479,
-1.2937233088513853
],
[
36.797096729278564,
-1.2850995088962232
],
[
36.79145336151123,
-1.2839625380686603
],
[
36.78799867630005,
-1.2849064384139994
],
[
36.78280591964722,
-1.286622619966324
],
[
36.780359745025635,
-1.2904196675456294
],
[
36.77473783493042,
-1.2911490432683268
]
