[
36.808791160583496,
-1.318843712594205
],
[
36.79887771606445,
-1.3211176222666015
],
[
36.79527282714844,
-1.3200450236236276
],
[
36.788341999053955,
-1.316419636787613
],
[
36.78467273712158,
-1.3176853049809336
],
[
36.78400754928589,
-1.318371768816823
],
[
36.778621673583984,
-1.3183288648326243
],
[
36.77675485610961,
-1.3232842701125656
],
[
36.78199052810669,
-1.3328089173621478
],
[
36.79471492767334,
-1.325643983435158
],
[
36.79696798324585,
-1.327209973762566
],
[
36.80874824523926,
-1.3233057220619753
],
[
36.81067943572998,
-1.320688582864957
],
[
36.808791160583496,
-1.318843712594205
]
