[
36.77454471588135,
-1.267358416145437
],
[
36.76892280578613,
-1.2689029901388156
],
[
36.761155128479004,
-1.2712627541807595
],
[
36.760854721069336,
-1.2819674748285717
],
[
36.76347255706787,
-1.2849493429668684
],
[
36.761841773986816,
-1.2893685080479793
],
[
36.769373416900635,
-1.289819005028717
],
[
36.772398948669434,
-1.2813453580162848
],
[
36.77750587463379,
-1.276454227475671
],
[
36.77952289581299,
-1.271992135357574
],
[
36.77527427673339,
-1.2710267778735593
],
[
36.77454471588135,
-1.267358416145437
]
