[
36.70248985290527,
-1.2261694400510923
],
[
36.70281171798706,
-1.228593600675673
],
[
36.71381950378418,
-1.2389123482299984
],
[
36.73261642456055,
-1.2421946025564001
],
[
36.785316467285156,
-1.2515693849073501
],
[
36.7877197265625,
-1.2490379824389986
],
[
36.77746295928955,
-1.2442755067829239
],
[
36.76604747772217,
-1.241787002567437
],
[
36.75600528717041,
-1.2384403897569145
],
[
36.74746513366699,
-1.2374106618876015
],
[
36.72926902770996,
-1.2353512049500843
],
[
36.713433265686035,
-1.2295589737635653
],
[
36.708412170410156,
-1.2234663911024566
],
[
36.70248985290527,
-1.2261694400510923
]
