[
36.89005136489868,
-1.2384189370970577
],
[
36.890437602996826,
-1.2397490016801844
],
[
36.89030885696411,
-1.241422307787186
],
[
36.89075946807861,
-1.2444471276768163
],
[
36.89166069030762,
-1.2439537175767672
],
[
36.892218589782715,
-1.2442326015577112
],
[
36.89425706863403,
-1.2427738234851957
],
[
36.895694732666016,
-1.2428167287341227
],
[
36.89627408981323,
-1.2433959495264724
],
[
36.89738988876343,
-1.2428167287341227
],
[
36.89908504486083,
-1.242666560359812
],
[
36.90200328826904,
-1.2406929180757855
],
[
36.90382719039917,
-1.2384403897569145
],
[
36.910715103149414,
-1.2379684311997876
],
[
36.910693645477295,
-1.2366598183975397
],
[
36.90629482269287,
-1.2343000231893912
],
[
36.90515756607056,
-1.2342142124150706
],
[
36.90314054489136,
-1.2351581307803128
],
[
36.90024375915527,
-1.2358660693342234
],
[
36.89837694168091,
-1.2352653942097067
],
[
36.89790487289429,
-1.2352868468950586
],
[
36.897454261779785,
-1.2365525550244798
],
[
36.896231174468994,
-1.2373463038824977
],
[
36.89483642578125,
-1.2383116737951279
],
[
36.89189672470093,
-1.2389552535415698
],
[
36.89005136489868,
-1.2384189370970577
]
