[
36.85338020324706,
-1.2606437990654427
],
[
36.85591220855713,
-1.2658352936665465
],
[
36.85833692550659,
-1.2656422217391041
],
[
36.86009645462036,
-1.2641405507018797
],
[
36.86419486999512,
-1.2627890460257643
],
[
36.86234951019287,
-1.260322011868862
],
[
36.86389446258544,
-1.2582840253676655
],
[
36.863765716552734,
-1.2577691653679592
],
[
36.86256408691406,
-1.258005142880437
],
[
36.86219930648804,
-1.2569110651427444
],
[
36.860933303833,
-1.2574044728067049
],
[
36.859474182128906,
-1.26008603456611
],
[
36.85842275619507,
-1.2604507267522627
],
[
36.8581223487854,
-1.2610299436488273
],
[
36.85638427734375,
-1.2612873733392695
],
[
36.85559034347534,
-1.2608154188873482
],
[
36.85516119003296,
-1.2610513961240082
],
[
36.85402393341064,
-1.26008603456611
],
[
36.85338020324706,
-1.2606437990654427
]
