[
39.67266082763672,
-4.036792446038994
],
[
39.66167449951171,
-4.031826601539755
],
[
39.65120315551758,
-4.03910412191291
],
[
39.64373588562012,
-4.040045913899554
],
[
39.64399337768555,
-4.045354175549853
],
[
39.64819908142089,
-4.0501487045665
],
[
39.650344848632805,
-4.059480831340959
],
[
39.655494689941406,
-4.065559498118829
],
[
39.66313362121582,
-4.067443019370893
],
[
39.6646785736084,
-4.071638119059499
],
[
39.66442108154297,
-4.0757475832692425
],
[
39.66716766357422,
-4.0778023074996135
],
[
39.67180252075195,
-4.07754546725805
],
[
39.67643737792969,
-4.071723733111272
],
[
39.681501388549805,
-4.071124434557614
],
[
39.68055725097656,
-4.06573072750546
],
[
39.67617988586426,
-4.057597291498693
],
[
39.67351913452148,
-4.052460342337092
],
[
39.67583656311035,
-4.049378157175289
],
[
39.67583656311035,
-4.048179526441953
],
[
39.670515060424805,
-4.045953493229357
],
[
39.66914176940918,
-4.040045913899554
],
[
39.67394828796387,
-4.0379910936103
],
[
39.67266082763672,
-4.036792446038994
]
