[
39.71755027770996,
-3.948687038932618
],
[
39.730167388916016,
-3.953054001225542
],
[
39.735145568847656,
-3.949115173506963
],
[
39.738149642944336,
-3.9500570687931127
],
[
39.74226951599121,
-3.954766529181005
],
[
39.75248336791992,
-3.9582772004252758
],
[
39.75934982299804,
-3.953139627707329
],
[
39.76175308227539,
-3.953653386412382
],
[
39.76578712463379,
-3.9526258686839277
],
[
39.77093696594238,
-3.9474026338846784
],
[
39.77668762207031,
-3.9390111387071873
],
[
39.784584045410156,
-3.9169188390393574
],
[
39.76321220397949,
-3.9107534418694865
],
[
39.75471496582031,
-3.9202584102110354
],
[
39.74578857421875,
-3.915805645686506
],
[
39.73548889160156,
-3.9369560657565774
],
[
39.72484588623047,
-3.9387542548658807
],
[
39.71755027770996,
-3.948687038932618
]
