[
36.83823108673096,
-1.2633468099455616
],
[
36.84033393859863,
-1.2616735178271739
],
[
36.83782339096069,
-1.260150392014426
],
[
36.83775901794433,
-1.258949052716882
],
[
36.83634281158447,
-1.257940785379146
],
[
36.83842420578003,
-1.2544440254252276
],
[
36.83908939361572,
-1.2541865950597317
],
[
36.84282302856445,
-1.2565249199493804
],
[
36.843252182006836,
-1.2563103948173031
],
[
36.84413194656372,
-1.2535644715719187
],
[
36.83295249938965,
-1.2474719440975175
],
[
36.83014154434204,
-1.2492096030224433
],
[
36.82260990142822,
-1.2481369741920745
],
[
36.81964874267578,
-1.2515264798011154
],
[
36.82709455490112,
-1.2550661487039383
],
[
36.82919740676879,
-1.2558384394647122
],
[
36.83318853378296,
-1.2606437990654427
],
[
36.83823108673096,
-1.2633468099455616
]
