[
36.82217001914978,
-1.3104881493309004
],
[
36.82318925857544,
-1.3111853411722088
],
[
36.827040910720825,
-1.3110888069288433
],
[
36.82741641998291,
-1.3103808890303963
],
[
36.82848930358887,
-1.3097051490316058
],
[
36.82638645172119,
-1.3052216631592806
],
[
36.8235969543457,
-1.3058437741174256
],
[
36.82066798210144,
-1.3065302412029
],
[
36.819798946380615,
-1.3070236393047139
],
[
36.81898355484009,
-1.3088577922677154
],
[
36.81609749794006,
-1.3125475462093927
],
[
36.81825399398804,
-1.3141457228266713
],
[
36.81899428367615,
-1.3132340114588097
],
[
36.81915521621704,
-1.3120434231718532
],
[
36.82217001914978,
-1.3104881493309004
]
