[
36.80512189865112,
-1.3202488174014033
],
[
36.8042528629303,
-1.3208119317005131
],
[
36.804338693618774,
-1.3210586293532673
],
[
36.80378079414368,
-1.3212302450972564
],
[
36.80368959903717,
-1.320849472649247
],
[
36.80267035961151,
-1.3211122592745321
],
[
36.80303514003754,
-1.3225763556778443
],
[
36.80422604084015,
-1.322302843228517
],
[
36.804333329200745,
-1.3225978076333735
],
[
36.80473566055298,
-1.3226138965998997
],
[
36.80625379085541,
-1.3220561456993594
],
[
36.80512189865112,
-1.3202488174014033
]
