[
34.55148696899413,
0.46845867825667575
],
[
34.56324577331543,
0.45635694532937593
],
[
34.5754337310791,
0.4561852893954526
],
[
34.576120376586914,
0.45464038580609045
],
[
34.57818031311035,
0.45541283764215057
],
[
34.58195686340332,
0.4511214375092931
],
[
34.59423065185546,
0.4571293969812946
],
[
34.60247039794922,
0.48785573827634415
],
[
34.59217071533203,
0.509140943251138
],
[
34.58547592163086,
0.5268213424711283
],
[
34.57569122314453,
0.5273363048115169
],
[
34.564361572265625,
0.5137756157651412
],
[
34.56470489501953,
0.49146049554813337
],
[
34.55148696899413,
0.46845867825667575
]
