[
39.67815399169922,
-4.04252881480451
],
[
39.682273864746094,
-4.043898687911138
],
[
39.685020446777344,
-4.06033698436214
],
[
39.69532012939453,
-4.061792442413898
],
[
39.71085548400879,
-4.0463815770146585
],
[
39.72355842590332,
-4.025576443796679
],
[
39.72810745239257,
-4.021894821569372
],
[
39.73051071166992,
-4.019069379276107
],
[
39.72587585449219,
-4.012733503402621
],
[
39.72261428833008,
-4.013332845118237
],
[
39.720726013183594,
-4.020096813970342
],
[
39.699440002441406,
-4.025490824864142
],
[
39.68639373779297,
-4.035336943037602
],
[
39.68278884887695,
-4.036706828287601
],
[
39.67815399169922,
-4.04252881480451
]
