[
35.014801025390625,
-0.8857374237912876
],
[
35.025787353515625,
-0.87063299703134
],
[
35.0189208984375,
-0.8472896733926131
],
[
35.02922058105469,
-0.8431702486277521
],
[
35.047760009765625,
-0.8514090937772903
],
[
35.08964538574219,
-0.8019757647536598
],
[
35.047760009765625,
-0.7113464708253191
],
[
35.058746337890625,
-0.6783899107121523
],
[
35.055999755859375,
-0.6159091582866458
],
[
35.0628662109375,
-0.6049234536626803
],
[
35.04638671874999,
-0.5863850268894218
],
[
35.05119323730469,
-0.5060511597224077
],
[
35.03196716308594,
-0.49781172980862975
],
[
35.04844665527344,
-0.4531813098903919
],
[
35.02304077148437,
-0.4174767746707514
],
[
34.970855712890625,
-0.44356856714348025
],
[
34.87678527832031,
-0.4936920109804714
],
[
34.86991882324219,
-0.5074243970285124
],
[
34.8760986328125,
-0.5795189272168059
],
[
34.89601135253906,
-0.600803808673338
],
[
34.88639831542969,
-0.6145359464386804
],
[
34.8651123046875,
-0.608356488765673
],
[
34.85481262207031,
-0.5966841605778406
],
[
34.83558654785156,
-0.6062966679651817
],
[
34.80743408203125,
-0.6468063298344506
],
[
34.811553955078125,
-0.6694641365974974
],
[
34.795074462890625,
-0.6708373336781093
],
[
34.797134399414055,
-0.6893754562283864
],
[
34.81292724609375,
-0.6838826866130199
],
[
34.82597351074219,
-0.6976145987557035
],
[
34.84657287597656,
-0.7175257999726969
],
[
34.94544982910156,
-0.7731393780893896
],
[
35.014801025390625,
-0.8857374237912876
]
