[
36.79226875305176,
-1.2362951229114345
],
[
36.79424285888672,
-1.2335062734212638
],
[
36.79728984832764,
-1.2325194490550715
],
[
36.798319816589355,
-1.2285292424574086
],
[
36.79771900177002,
-1.2275424162499167
],
[
36.79385662078857,
-1.2257403848445083
],
[
36.79072380065917,
-1.2254400461589927
],
[
36.78789138793945,
-1.2259978179767053
],
[
36.786088943481445,
-1.2285721479364295
],
[
36.78072452545166,
-1.2308890427794437
],
[
36.77947998046875,
-1.2323049219705406
],
[
36.79226875305176,
-1.2362951229114345
]
