[
36.82297468185425,
-1.2665646763737675
],
[
36.82436943054199,
-1.2642692653962535
],
[
36.826322078704834,
-1.259871509726873
],
[
36.82713747024536,
-1.257747712865769
],
[
36.821794509887695,
-1.2545298355414407
],
[
36.819047927856445,
-1.2536931867884251
],
[
36.81449890136719,
-1.2537146393238967
],
[
36.81198835372925,
-1.2544654779545417
],
[
36.80831909179687,
-1.2607510614554567
],
[
36.81387662887573,
-1.2623385443108726
],
[
36.812546253204346,
-1.264934291215547
],
[
36.820807456970215,
-1.2684524894859748
],
[
36.82297468185425,
-1.2665646763737675
]
