[
36.79248332977295,
-1.243696286183583
],
[
36.79501533508301,
-1.2427738234851957
],
[
36.8001651763916,
-1.2330772193939534
],
[
36.79847002029419,
-1.2285721479364295
],
[
36.796860694885254,
-1.2287223171075583
],
[
36.795058250427246,
-1.2303312719825492
],
[
36.793341636657715,
-1.2327983342391176
],
[
36.79014444351196,
-1.235329752265254
],
[
36.785316467285156,
-1.233892421986703
],
[
36.78405046463013,
-1.2365096496740422
],
[
36.78789138793945,
-1.2388050849480423
],
[
36.79042339324951,
-1.2391912327427566
],
[
36.79065942764282,
-1.2403282231446615
],
[
36.79244041442871,
-1.242151697297359
],
[
36.79248332977295,
-1.243696286183583
]
