[
36.66639804840088,
-1.264183455600704
],
[
36.662278175354004,
-1.270833706333445
],
[
36.65343761444091,
-1.2782133193573118
],
[
36.65468215942383,
-1.2811737395587102
],
[
36.659531593322754,
-1.2804872656134787
],
[
36.6628360748291,
-1.2795433636386144
],
[
36.66957378387451,
-1.276840369699173
],
[
36.67262077331543,
-1.2732363733597738
],
[
36.67553901672363,
-1.2717347067304676
],
[
36.67862892150879,
-1.2681736080901347
],
[
36.67360782623291,
-1.2656422217391041
],
[
36.66931629180908,
-1.2629821181654004
],
[
36.66639804840088,
-1.264183455600704
]
