[
36.808791160583496,
-1.2962332152800278
],
[
36.80861949920654,
-1.3024543401366642
],
[
36.809842586517334,
-1.3033338772410448
],
[
36.812567710876465,
-1.3057794178185493
],
[
36.816065311431885,
-1.3047068125947663
],
[
36.82063579559326,
-1.3055648968103921
],
[
36.82267427444458,
-1.3045780999371688
],
[
36.82374715805054,
-1.301832228340901
],
[
36.823039054870605,
-1.2997728226808207
],
[
36.82074308395386,
-1.29902199728267
],
[
36.81988477706909,
-1.2972414675896558
],
[
36.81864023208618,
-1.2966837110424858
],
[
36.81769609451293,
-1.2951391538090273
],
[
36.81623697280884,
-1.2947315621598348
],
[
36.815807819366455,
-1.2937876654575284
],
[
36.81413412094116,
-1.2947744665470604
],
[
36.81273937225342,
-1.2955467453926623
],
[
36.8096923828125,
-1.2955038410185278
],
[
36.808791160583496,
-1.2962332152800278
]
