[
36.72137260437012,
-1.260622346586903
],
[
36.72111511230469,
-1.2606652515437915
],
[
36.701674461364746,
-1.2629392132467168
],
[
36.6859245300293,
-1.2751670863119677
],
[
36.68841361999512,
-1.283318969451539
],
[
36.68686866760254,
-1.286579715441584
],
[
36.69978618621826,
-1.2824179731155376
],
[
36.706695556640625,
-1.2816027856810701
],
[
36.71712398529053,
-1.2780417006901768
],
[
36.72154426574707,
-1.2747380391143386
],
[
36.72060012817383,
-1.2692462286788087
],
[
36.72060012817383,
-1.264312170292966
],
[
36.72137260437012,
-1.260622346586903
]
