[
36.8121600151062,
-1.274051563449432
],
[
36.81443452835083,
-1.2719492305881728
],
[
36.812288761138916,
-1.2692891334931065
],
[
36.81177377700805,
-1.2650415534284933
],
[
36.81368350982666,
-1.262638878796135
],
[
36.80831909179687,
-1.2606867040219751
],
[
36.812031269073486,
-1.254851623452132
],
[
36.7972469329834,
-1.2478366380411554
],
[
36.7816686630249,
-1.2455412106128585
],
[
36.777892112731934,
-1.2513119542593827
],
[
36.77821397781372,
-1.2533713987352957
],
[
36.77791357040405,
-1.2641405507018797
],
[
36.80145263671875,
-1.267079534631751
],
[
36.80321216583252,
-1.2655993168643884
],
[
36.80922031402588,
-1.2722281115765202
],
[
36.8121600151062,
-1.274051563449432
]
